1
2022588
Yasmin Silva
17
05
1998
103
2022
1
2021158
Patrícia Souza
09
10
2004
106
2020
1
2023147
Helena Souza
04
05
2003
108
2023
1
2023023
Carlos Nascimento
17
01
1998
110
2020
1
2025457
Fernanda Silva
25
09
1999
106
2025
1
2021299
Juliana Silva
13
11
2004
109
2021
1
2019337
Eduardo Silva
28
12
1996
103
2020
1
2023414
Daniela Nascimento
06
06
1999
104
2019
1
2024260
Daniela Nascimento
09
09
1998
110
2018
1
2023932
Quésia Souza
08
01
1999
105
2019
1
2025349
Ana Rodrigues
26
11
1996
102
2018
1
2024736
Carlos Nascimento
14
05
2005
101
2024
1
2019442
Willian Rodrigues
01
11
1998
106
2019
1
2022663
Helena Rodrigues
15
07
1998
103
2022
1
2025792
Fernanda Silva
14
12
2003
107
2025
1
2025792
Pelé
01
04
1500
000
2500
4
3
2019337
4
2
2023932
Quésia Sousa
08
01
1998
105
2019
4
0